function s = resultsPWR

% Results for 2D neutron transport calculation in the PWR-like unit cell using method of Monte Carlo

% Number of source neutrons per k-eff cycle is 100
% Number of inactive source cycles to skip before starting k-eff accumulation 100
% Number of active source cycles for k-eff accumulation 2000

% elapsedTime =  2.35028e+02 s /  3.91713e+00 min /  6.52855e-02 hrs;

s.keff_expected =      1.04103;
s.sigma =      0.00195;

s.keffHistory = [ 1.14681e+00  1.06983e+00  1.08654e+00  1.07650e+00  1.07692e+00  1.04101e+00  1.01989e+00  1.01245e+00  1.01442e+00  1.01729e+00  1.01472e+00  1.02257e+00  1.01419e+00  1.01020e+00  1.01477e+00  1.01414e+00  1.01673e+00  1.02146e+00  1.01118e+00  1.01206e+00  1.01795e+00  1.02186e+00  1.01601e+00  1.01716e+00  1.01724e+00  1.02222e+00  1.01989e+00  1.01854e+00  1.01649e+00  1.02080e+00  1.01692e+00  1.01500e+00  1.01452e+00  1.01441e+00  1.01487e+00  1.01553e+00  1.01674e+00  1.01795e+00  1.01726e+00  1.01964e+00  1.01879e+00  1.02000e+00  1.02138e+00  1.02175e+00  1.02475e+00  1.02628e+00  1.02717e+00  1.02644e+00  1.02460e+00  1.02316e+00  1.02105e+00  1.02216e+00  1.02158e+00  1.02207e+00  1.02065e+00  1.01834e+00  1.01733e+00  1.02095e+00  1.02171e+00  1.02019e+00  1.02086e+00  1.02028e+00  1.01861e+00  1.01792e+00  1.01707e+00  1.01501e+00  1.01382e+00  1.01267e+00  1.01166e+00  1.01221e+00  1.01258e+00  1.01323e+00  1.01402e+00  1.01514e+00  1.01408e+00  1.01533e+00  1.01652e+00  1.01774e+00  1.01757e+00  1.01883e+00  1.01939e+00  1.01935e+00  1.02094e+00  1.02097e+00  1.01960e+00  1.01893e+00  1.01802e+00  1.01830e+00  1.01807e+00  1.01704e+00  1.01804e+00  1.01864e+00  1.01874e+00  1.01892e+00  1.01852e+00  1.01872e+00  1.01993e+00  1.02015e+00  1.01975e+00  1.02071e+00  1.02106e+00  1.02107e+00  1.02135e+00  1.02008e+00  1.02048e+00  1.02219e+00  1.02169e+00  1.02126e+00  1.02355e+00  1.02365e+00  1.02399e+00  1.02331e+00  1.02387e+00  1.02505e+00  1.02647e+00  1.02659e+00  1.02727e+00  1.02705e+00  1.02761e+00  1.02760e+00  1.02880e+00  1.02878e+00  1.02812e+00  1.02831e+00  1.02855e+00  1.02795e+00  1.02851e+00  1.02911e+00  1.02937e+00  1.02993e+00  1.03079e+00  1.03120e+00  1.03160e+00  1.03122e+00  1.03198e+00  1.03204e+00  1.03183e+00  1.03184e+00  1.03230e+00  1.03126e+00  1.03043e+00  1.02957e+00  1.02875e+00  1.02955e+00  1.02932e+00  1.02918e+00  1.02974e+00  1.02891e+00  1.02945e+00  1.02896e+00  1.02839e+00  1.02922e+00  1.02953e+00  1.02900e+00  1.02823e+00  1.02863e+00  1.02903e+00  1.02906e+00  1.03001e+00  1.03058e+00  1.03104e+00  1.03183e+00  1.03199e+00  1.03267e+00  1.03294e+00  1.03331e+00  1.03408e+00  1.03422e+00  1.03343e+00  1.03337e+00  1.03320e+00  1.03391e+00  1.03400e+00  1.03358e+00  1.03419e+00  1.03419e+00  1.03430e+00  1.03411e+00  1.03399e+00  1.03309e+00  1.03356e+00  1.03389e+00  1.03286e+00  1.03336e+00  1.03281e+00  1.03256e+00  1.03211e+00  1.03202e+00  1.03265e+00  1.03276e+00  1.03238e+00  1.03252e+00  1.03299e+00  1.03385e+00  1.03348e+00  1.03349e+00  1.03301e+00  1.03324e+00  1.03406e+00  1.03386e+00  1.03433e+00  1.03388e+00  1.03456e+00  1.03529e+00  1.03527e+00  1.03554e+00  1.03557e+00  1.03546e+00  1.03546e+00  1.03599e+00  1.03603e+00  1.03547e+00  1.03569e+00  1.03537e+00  1.03566e+00  1.03553e+00  1.03533e+00  1.03550e+00  1.03516e+00  1.03527e+00  1.03529e+00  1.03550e+00  1.03559e+00  1.03645e+00  1.03657e+00  1.03661e+00  1.03693e+00  1.03695e+00  1.03658e+00  1.03668e+00  1.03660e+00  1.03686e+00  1.03680e+00  1.03664e+00  1.03667e+00  1.03673e+00  1.03684e+00  1.03653e+00  1.03693e+00  1.03735e+00  1.03654e+00  1.03692e+00  1.03730e+00  1.03716e+00  1.03719e+00  1.03730e+00  1.03669e+00  1.03612e+00  1.03577e+00  1.03574e+00  1.03602e+00  1.03656e+00  1.03649e+00  1.03681e+00  1.03665e+00  1.03644e+00  1.03630e+00  1.03679e+00  1.03666e+00  1.03701e+00  1.03683e+00  1.03651e+00  1.03645e+00  1.03635e+00  1.03650e+00  1.03632e+00  1.03687e+00  1.03709e+00  1.03756e+00  1.03730e+00  1.03723e+00  1.03667e+00  1.03626e+00  1.03655e+00  1.03632e+00  1.03604e+00  1.03626e+00  1.03651e+00  1.03765e+00  1.03760e+00  1.03736e+00  1.03706e+00  1.03714e+00  1.03679e+00  1.03643e+00  1.03630e+00  1.03627e+00  1.03589e+00  1.03603e+00  1.03618e+00  1.03619e+00  1.03613e+00  1.03623e+00  1.03651e+00  1.03630e+00  1.03670e+00  1.03700e+00  1.03704e+00  1.03666e+00  1.03727e+00  1.03698e+00  1.03727e+00  1.03752e+00  1.03735e+00  1.03729e+00  1.03711e+00  1.03724e+00  1.03722e+00  1.03740e+00  1.03767e+00  1.03712e+00  1.03741e+00  1.03757e+00  1.03735e+00  1.03732e+00  1.03719e+00  1.03720e+00  1.03714e+00  1.03717e+00  1.03708e+00  1.03716e+00  1.03720e+00  1.03688e+00  1.03697e+00  1.03698e+00  1.03639e+00  1.03710e+00  1.03661e+00  1.03635e+00  1.03635e+00  1.03660e+00  1.03634e+00  1.03663e+00  1.03632e+00  1.03613e+00  1.03607e+00  1.03579e+00  1.03598e+00  1.03606e+00  1.03606e+00  1.03641e+00  1.03605e+00  1.03617e+00  1.03596e+00  1.03590e+00  1.03600e+00  1.03620e+00  1.03648e+00  1.03655e+00  1.03605e+00  1.03602e+00  1.03561e+00  1.03542e+00  1.03515e+00  1.03533e+00  1.03557e+00  1.03597e+00  1.03604e+00  1.03617e+00  1.03641e+00  1.03633e+00  1.03672e+00  1.03672e+00  1.03711e+00  1.03715e+00  1.03742e+00  1.03759e+00  1.03776e+00  1.03779e+00  1.03761e+00  1.03765e+00  1.03795e+00  1.03816e+00  1.03777e+00  1.03759e+00  1.03750e+00  1.03774e+00  1.03775e+00  1.03798e+00  1.03780e+00  1.03796e+00  1.03792e+00  1.03805e+00  1.03788e+00  1.03792e+00  1.03801e+00  1.03783e+00  1.03803e+00  1.03770e+00  1.03772e+00  1.03753e+00  1.03781e+00  1.03778e+00  1.03794e+00  1.03782e+00  1.03759e+00  1.03766e+00  1.03758e+00  1.03754e+00  1.03751e+00  1.03774e+00  1.03796e+00  1.03805e+00  1.03759e+00  1.03751e+00  1.03733e+00  1.03769e+00  1.03771e+00  1.03782e+00  1.03799e+00  1.03808e+00  1.03812e+00  1.03809e+00  1.03813e+00  1.03831e+00  1.03864e+00  1.03859e+00  1.03847e+00  1.03843e+00  1.03850e+00  1.03851e+00  1.03837e+00  1.03830e+00  1.03855e+00  1.03875e+00  1.03860e+00  1.03861e+00  1.03854e+00  1.03879e+00  1.03878e+00  1.03874e+00  1.03894e+00  1.03900e+00  1.03888e+00  1.03852e+00  1.03835e+00  1.03871e+00  1.03857e+00  1.03823e+00  1.03854e+00  1.03848e+00  1.03858e+00  1.03854e+00  1.03853e+00  1.03884e+00  1.03914e+00  1.03919e+00  1.03878e+00  1.03850e+00  1.03845e+00  1.03858e+00  1.03854e+00  1.03865e+00  1.03874e+00  1.03888e+00  1.03915e+00  1.03901e+00  1.03894e+00  1.03900e+00  1.03885e+00  1.03890e+00  1.03902e+00  1.03901e+00  1.03913e+00  1.03899e+00  1.03909e+00  1.03907e+00  1.03934e+00  1.03963e+00  1.03963e+00  1.03973e+00  1.03974e+00  1.03994e+00  1.04020e+00  1.04022e+00  1.04037e+00  1.04033e+00  1.04028e+00  1.04038e+00  1.04040e+00  1.04045e+00  1.04050e+00  1.04044e+00  1.04052e+00  1.04056e+00  1.04051e+00  1.04075e+00  1.04088e+00  1.04075e+00  1.04102e+00  1.04106e+00  1.04103e+00  1.04104e+00  1.04099e+00  1.04094e+00  1.04091e+00  1.04055e+00  1.04042e+00  1.04036e+00  1.04036e+00  1.04032e+00  1.04041e+00  1.04024e+00  1.04030e+00  1.04046e+00  1.04068e+00  1.04056e+00  1.04043e+00  1.04022e+00  1.04035e+00  1.04058e+00  1.04089e+00  1.04102e+00  1.04111e+00  1.04091e+00  1.04101e+00  1.04118e+00  1.04131e+00  1.04140e+00  1.04170e+00  1.04177e+00  1.04163e+00  1.04141e+00  1.04163e+00  1.04141e+00  1.04121e+00  1.04109e+00  1.04114e+00  1.04132e+00  1.04156e+00  1.04165e+00  1.04180e+00  1.04182e+00  1.04156e+00  1.04161e+00  1.04149e+00  1.04124e+00  1.04104e+00  1.04112e+00  1.04092e+00  1.04118e+00  1.04113e+00  1.04132e+00  1.04140e+00  1.04154e+00  1.04177e+00  1.04176e+00  1.04176e+00  1.04147e+00  1.04150e+00  1.04144e+00  1.04139e+00  1.04143e+00  1.04141e+00  1.04156e+00  1.04171e+00  1.04130e+00  1.04150e+00  1.04166e+00  1.04164e+00  1.04149e+00  1.04157e+00  1.04185e+00  1.04178e+00  1.04180e+00  1.04159e+00  1.04158e+00  1.04159e+00  1.04153e+00  1.04159e+00  1.04161e+00  1.04162e+00  1.04193e+00  1.04188e+00  1.04188e+00  1.04192e+00  1.04186e+00  1.04182e+00  1.04172e+00  